449
1 0
1 1
0 1
0 2
1 2
1 3
1 4
0 4
0 3
0 2
0 1
0 0
1 0
2 0
2 1
2 2
2 3
3 3
3 4
4 4
4 3
3 3
3 4
4 4
5 4
5 3
4 3
4 2
4 1
5 1
6 1
7 1
8 1
9 1
9 0
10 0
11 0
11 1
11 2
10 2
10 3
11 3
12 3
12 2
11 2
10 2
9 2
8 2
7 2
6 2
5 2
4 2
4 1
5 1
5 0
6 0
6 1
6 2
6 3
7 3
8 3
8 4
9 4
9 5
9 6
9 7
8 7
7 7
6 7
5 7
4 7
3 7
3 6
2 6
1 6
0 6
0 5
0 4
0 3
1 3
1 2
1 1
2 1
2 0
1 0
1 1
1 2
1 3
1 4
1 5
2 5
2 6
3 6
3 7
3 8
3 9
3 10
3 11
3 12
2 12
3 12
4 12
4 13
4 14
4 15
4 16
5 16
6 16
7 16
7 17
7 18
7 19
7 20
6 20
5 20
4 20
3 20
3 21
3 22
3 23
3 24
3 25
4 25
5 25
6 25
6 26
6 27
6 28
6 29
7 29
8 29
9 29
9 30
9 31
10 31
11 31
11 30
11 31
11 32
11 33
10 33
11 33
12 33
12 34
12 35
12 36
12 37
13 37
14 37
15 37
16 37
17 37
18 37
18 36
19 36
20 36
19 36
19 35
19 34
19 33
18 33
17 33
17 32
16 32
16 31
16 30
16 29
16 28
17 28
16 28
17 28
18 28
19 28
19 27
20 27
21 27
20 27
20 26
20 25
20 24
19 24
18 24
18 23
17 23
17 22
17 21
17 20
17 19
18 19
17 19
18 19
19 19
20 19
20 18
21 18
22 18
21 18
21 17
21 16
21 15
20 15
19 15
19 14
18 14
18 13
18 12
18 11
17 11
16 11
16 10
17 10
17 9
17 8
17 7
17 6
16 6
15 6
14 6
13 6
14 6
15 6
16 6
17 6
18 6
18 5
19 5
20 5
19 5
19 4
19 3
19 2
18 2
17 2
17 1
18 1
19 1
20 1
21 1
22 1
22 0
23 0
24 0
25 0
26 0
26 1
26 2
26 3
26 4
27 4
28 4
29 4
29 5
29 6
29 7
29 8
30 8
31 8
32 8
32 9
32 10
32 11
32 12
33 12
34 12
35 12
35 13
35 14
35 15
35 16
36 16
37 16
38 16
38 17
38 18
38 19
38 20
39 20
38 20
37 20
36 20
35 20
34 20
33 20
33 21
32 21
31 21
31 20
31 19
31 18
30 18
29 18
29 17
28 17
28 16
28 15
28 14
27 14
26 14
26 13
25 13
25 12
25 11
25 10
24 10
23 10
23 9
24 9
25 9
26 9
27 9
28 9
28 8
29 8
30 8
31 8
32 8
33 8
34 8
35 8
35 7
36 7
37 7
36 7
36 6
36 5
36 4
35 4
34 4
34 3
35 3
36 3
36 4
36 5
36 6
35 6
35 7
35 8
35 9
35 10
35 11
35 12
35 13
35 14
35 15
34 15
34 16
34 17
34 18
34 19
34 20
34 21
34 22
34 23
34 24
34 25
35 25
36 25
37 25
37 26
37 27
37 28
37 29
38 29
37 29
36 29
35 29
34 29
33 29
32 29
32 30
31 30
30 30
30 29
30 28
30 27
29 27
28 27
28 26
27 26
27 25
27 24
27 23
26 23
25 23
25 22
24 22
23 22
23 23
23 24
23 25
23 26
23 27
23 28
23 29
23 30
23 31
24 31
25 31
26 31
26 32
26 33
26 34
26 35
27 35
28 35
29 35
29 36
29 37
29 38
29 39
30 39
31 39
32 39
33 39
34 39
35 39
35 38
36 38
37 38
36 38
36 37
36 36
36 35
35 35
34 35
34 34
33 34
32 34
31 34
30 34
29 34
28 34
28 33
27 33
26 33
26 32
25 32
24 32
24 31
23 31
22 31
21 31
20 31
19 31
18 31
18 30
17 30
16 30
16 29
